(kicad_pcb (version 20171130) (host pcbnew "(5.1.5)-3")

  (general
    (thickness 1.6)
    (drawings 296)
    (tracks 1572)
    (zones 0)
    (modules 164)
    (nets 133)
  )

  (page A4)
  (layers
    (0 F.Cu signal)
    (31 B.Cu signal)
    (32 B.Adhes user hide)
    (33 F.Adhes user hide)
    (34 B.Paste user hide)
    (35 F.Paste user hide)
    (36 B.SilkS user)
    (37 F.SilkS user)
    (38 B.Mask user hide)
    (39 F.Mask user)
    (40 Dwgs.User user hide)
    (41 Cmts.User user)
    (42 Eco1.User user)
    (43 Eco2.User user)
    (44 Edge.Cuts user)
    (45 Margin user)
    (46 B.CrtYd user)
    (47 F.CrtYd user)
    (48 B.Fab user)
    (49 F.Fab user hide)
  )

  (setup
    (last_trace_width 0.25)
    (trace_clearance 0.2)
    (zone_clearance 0.508)
    (zone_45_only no)
    (trace_min 0.2)
    (via_size 0.8)
    (via_drill 0.4)
    (via_min_size 0.4)
    (via_min_drill 0.3)
    (uvia_size 0.3)
    (uvia_drill 0.1)
    (uvias_allowed no)
    (uvia_min_size 0.2)
    (uvia_min_drill 0.1)
    (edge_width 0.05)
    (segment_width 0.2)
    (pcb_text_width 0.3)
    (pcb_text_size 1.5 1.5)
    (mod_edge_width 0.12)
    (mod_text_size 1 1)
    (mod_text_width 0.15)
    (pad_size 1.524 1.524)
    (pad_drill 0.762)
    (pad_to_mask_clearance 0.051)
    (solder_mask_min_width 0.25)
    (aux_axis_origin 0 0)
    (visible_elements 7FFFFFFF)
    (pcbplotparams
      (layerselection 0x010fc_ffffffff)
      (usegerberextensions false)
      (usegerberattributes false)
      (usegerberadvancedattributes false)
      (creategerberjobfile false)
      (excludeedgelayer true)
      (linewidth 0.100000)
      (plotframeref false)
      (viasonmask false)
      (mode 1)
      (useauxorigin false)
      (hpglpennumber 1)
      (hpglpenspeed 20)
      (hpglpendiameter 15.000000)
      (psnegative false)
      (psa4output false)
      (plotreference true)
      (plotvalue true)
      (plotinvisibletext false)
      (padsonsilk false)
      (subtractmaskfromsilk false)
      (outputformat 1)
      (mirror false)
      (drillshape 1)
      (scaleselection 1)
      (outputdirectory ""))
  )

  (net 0 "")
  (net 1 "Net-(BT1-Pad1)")
  (net 2 GND)
  (net 3 +5V)
  (net 4 K0)
  (net 5 K1)
  (net 6 K2)
  (net 7 K3)
  (net 8 K4)
  (net 9 K5)
  (net 10 K6)
  (net 11 K9)
  (net 12 K8)
  (net 13 K7)
  (net 14 "Net-(LS1-Pad2)")
  (net 15 "Net-(Q1-Pad1)")
  (net 16 SPK)
  (net 17 "Net-(U2-Pad12)")
  (net 18 +3V3)
  (net 19 /Sheet5F60D2EA/sheet5F60EC1D/K9)
  (net 20 /Sheet5F60D2EA/sheet5F60EC1D/LED_RGB/B)
  (net 21 /Sheet5F60D2EA/sheet5F60EC1D/LED_RGB/R)
  (net 22 /Sheet5F60D2EA/sheet5F60EC1D/LED_RGB/G)
  (net 23 /Sheet5F60D2EA/sheet5F60EC1D/K8)
  (net 24 /Sheet5F60D2EA/sheet5F60EC1D/K7)
  (net 25 /Sheet5F60D2EA/sheet5F60EC1D/K6)
  (net 26 /Sheet5F60D2EA/sheet5F60EC1D/K5)
  (net 27 /Sheet5F60D2EA/sheet5F60EC1D/K4)
  (net 28 /Sheet5F60D2EA/sheet5F60EC1D/K3)
  (net 29 /Sheet5F60D2EA/sheet5F60EC1D/K2)
  (net 30 /Sheet5F60D2EA/sheet5F60EC1D/K1)
  (net 31 /Sheet5F60D2EA/sheet5F60EC1D/K0)
  (net 32 /Sheet5F60D2EA/sheet5F76DABD/LED_RGB/B)
  (net 33 /Sheet5F60D2EA/sheet5F76DABD/LED_RGB/R)
  (net 34 /Sheet5F60D2EA/sheet5F76DABD/LED_RGB/G)
  (net 35 /Sheet5F60D2EA/sheet5F771B13/LED_RGB/G)
  (net 36 /Sheet5F60D2EA/sheet5F771B13/LED_RGB/R)
  (net 37 /Sheet5F60D2EA/sheet5F771B13/LED_RGB/B)
  (net 38 /Sheet5F60D2EA/sheet5F775B37/LED_RGB/B)
  (net 39 /Sheet5F60D2EA/sheet5F775B37/LED_RGB/R)
  (net 40 /Sheet5F60D2EA/sheet5F775B37/LED_RGB/G)
  (net 41 "Net-(J1-Pad6)")
  (net 42 "Net-(J1-Pad2)")
  (net 43 "Net-(J1-Pad3)")
  (net 44 "Net-(J1-Pad4)")
  (net 45 RXD)
  (net 46 TXD)
  (net 47 DTR)
  (net 48 "Net-(Q2-Pad1)")
  (net 49 B)
  (net 50 "Net-(Q3-Pad1)")
  (net 51 "Net-(Q3-Pad2)")
  (net 52 G)
  (net 53 "Net-(Q5-Pad1)")
  (net 54 "Net-(Q6-Pad3)")
  (net 55 R)
  (net 56 "Net-(Q10-Pad1)")
  (net 57 "Net-(Q9-Pad2)")
  (net 58 "Net-(Q9-Pad1)")
  (net 59 "Net-(Q11-Pad1)")
  (net 60 "Net-(Q12-Pad3)")
  (net 61 "Net-(Q14-Pad1)")
  (net 62 "Net-(Q15-Pad1)")
  (net 63 "Net-(Q15-Pad2)")
  (net 64 "Net-(Q17-Pad1)")
  (net 65 "Net-(Q18-Pad3)")
  (net 66 "Net-(Q20-Pad1)")
  (net 67 "Net-(Q21-Pad2)")
  (net 68 "Net-(Q21-Pad1)")
  (net 69 "Net-(Q23-Pad1)")
  (net 70 "Net-(Q24-Pad3)")
  (net 71 EN1)
  (net 72 EN2)
  (net 73 EN3)
  (net 74 EN4)
  (net 75 "Net-(U2-Pad4)")
  (net 76 "Net-(U2-Pad5)")
  (net 77 "Net-(U2-Pad13)")
  (net 78 /Sheet5F79123F/SENSORVP)
  (net 79 /Sheet5F79123F/SENSORCAPP)
  (net 80 /Sheet5F79123F/SENSORCAPN)
  (net 81 /Sheet5F79123F/SENSORVN)
  (net 82 /Sheet5F79123F/IO34)
  (net 83 /Sheet5F79123F/IO35)
  (net 84 /Sheet5F79123F/IO32)
  (net 85 /Sheet5F79123F/IO4)
  (net 86 /Sheet5F79123F/IO5)
  (net 87 Touch0)
  (net 88 Touch5)
  (net 89 Touch1)
  (net 90 Touch6)
  (net 91 Touch2)
  (net 92 Touch7)
  (net 93 Touch3)
  (net 94 Touch8)
  (net 95 Touch4)
  (net 96 Touch9)
  (net 97 "Net-(J3-Pad2)")
  (net 98 "Net-(Q2-Pad3)")
  (net 99 "Net-(Q4-Pad3)")
  (net 100 "Net-(Q5-Pad2)")
  (net 101 "Net-(Q7-Pad2)")
  (net 102 "Net-(Q7-Pad1)")
  (net 103 "Net-(Q8-Pad3)")
  (net 104 "Net-(Q10-Pad3)")
  (net 105 "Net-(Q11-Pad2)")
  (net 106 "Net-(Q13-Pad2)")
  (net 107 "Net-(Q13-Pad1)")
  (net 108 "Net-(Q14-Pad3)")
  (net 109 "Net-(Q16-Pad3)")
  (net 110 "Net-(Q17-Pad2)")
  (net 111 "Net-(Q19-Pad2)")
  (net 112 "Net-(Q19-Pad1)")
  (net 113 "Net-(Q20-Pad3)")
  (net 114 "Net-(Q22-Pad3)")
  (net 115 "Net-(Q23-Pad2)")
  (net 116 "Net-(Q25-Pad1)")
  (net 117 "Net-(Q25-Pad2)")
  (net 118 "Net-(U3-Pad4)")
  (net 119 "Net-(U3-Pad5)")
  (net 120 "Net-(U3-Pad12)")
  (net 121 "Net-(U3-Pad13)")
  (net 122 "Net-(U4-Pad2)")
  (net 123 "Net-(U4-Pad26)")
  (net 124 /Sheet5F79123F/IO18)
  (net 125 /Sheet5F79123F/IO23)
  (net 126 /Sheet5F79123F/IO19)
  (net 127 /Sheet5F79123F/IO22)
  (net 128 /Sheet5F79123F/IO21)
  (net 129 "Net-(U4-Pad44)")
  (net 130 "Net-(U4-Pad45)")
  (net 131 "Net-(U4-Pad47)")
  (net 132 "Net-(U4-Pad48)")

  (net_class Default "これはデフォルトのネット クラスです。"
    (clearance 0.2)
    (trace_width 0.25)
    (via_dia 0.8)
    (via_drill 0.4)
    (uvia_dia 0.3)
    (uvia_drill 0.1)
    (add_net +3V3)
    (add_net +5V)
    (add_net /Sheet5F60D2EA/sheet5F60EC1D/K0)
    (add_net /Sheet5F60D2EA/sheet5F60EC1D/K1)
    (add_net /Sheet5F60D2EA/sheet5F60EC1D/K2)
    (add_net /Sheet5F60D2EA/sheet5F60EC1D/K3)
    (add_net /Sheet5F60D2EA/sheet5F60EC1D/K4)
    (add_net /Sheet5F60D2EA/sheet5F60EC1D/K5)
    (add_net /Sheet5F60D2EA/sheet5F60EC1D/K6)
    (add_net /Sheet5F60D2EA/sheet5F60EC1D/K7)
    (add_net /Sheet5F60D2EA/sheet5F60EC1D/K8)
    (add_net /Sheet5F60D2EA/sheet5F60EC1D/K9)
    (add_net /Sheet5F60D2EA/sheet5F60EC1D/LED_RGB/B)
    (add_net /Sheet5F60D2EA/sheet5F60EC1D/LED_RGB/G)
    (add_net /Sheet5F60D2EA/sheet5F60EC1D/LED_RGB/R)
    (add_net /Sheet5F60D2EA/sheet5F76DABD/LED_RGB/B)
    (add_net /Sheet5F60D2EA/sheet5F76DABD/LED_RGB/G)
    (add_net /Sheet5F60D2EA/sheet5F76DABD/LED_RGB/R)
    (add_net /Sheet5F60D2EA/sheet5F771B13/LED_RGB/B)
    (add_net /Sheet5F60D2EA/sheet5F771B13/LED_RGB/G)
    (add_net /Sheet5F60D2EA/sheet5F771B13/LED_RGB/R)
    (add_net /Sheet5F60D2EA/sheet5F775B37/LED_RGB/B)
    (add_net /Sheet5F60D2EA/sheet5F775B37/LED_RGB/G)
    (add_net /Sheet5F60D2EA/sheet5F775B37/LED_RGB/R)
    (add_net /Sheet5F79123F/IO18)
    (add_net /Sheet5F79123F/IO19)
    (add_net /Sheet5F79123F/IO21)
    (add_net /Sheet5F79123F/IO22)
    (add_net /Sheet5F79123F/IO23)
    (add_net /Sheet5F79123F/IO32)
    (add_net /Sheet5F79123F/IO34)
    (add_net /Sheet5F79123F/IO35)
    (add_net /Sheet5F79123F/IO4)
    (add_net /Sheet5F79123F/IO5)
    (add_net /Sheet5F79123F/SENSORCAPN)
    (add_net /Sheet5F79123F/SENSORCAPP)
    (add_net /Sheet5F79123F/SENSORVN)
    (add_net /Sheet5F79123F/SENSORVP)
    (add_net B)
    (add_net DTR)
    (add_net EN1)
    (add_net EN2)
    (add_net EN3)
    (add_net EN4)
    (add_net G)
    (add_net GND)
    (add_net K0)
    (add_net K1)
    (add_net K2)
    (add_net K3)
    (add_net K4)
    (add_net K5)
    (add_net K6)
    (add_net K7)
    (add_net K8)
    (add_net K9)
    (add_net "Net-(BT1-Pad1)")
    (add_net "Net-(J1-Pad2)")
    (add_net "Net-(J1-Pad3)")
    (add_net "Net-(J1-Pad4)")
    (add_net "Net-(J1-Pad6)")
    (add_net "Net-(J3-Pad2)")
    (add_net "Net-(LS1-Pad2)")
    (add_net "Net-(Q1-Pad1)")
    (add_net "Net-(Q10-Pad1)")
    (add_net "Net-(Q10-Pad3)")
    (add_net "Net-(Q11-Pad1)")
    (add_net "Net-(Q11-Pad2)")
    (add_net "Net-(Q12-Pad3)")
    (add_net "Net-(Q13-Pad1)")
    (add_net "Net-(Q13-Pad2)")
    (add_net "Net-(Q14-Pad1)")
    (add_net "Net-(Q14-Pad3)")
    (add_net "Net-(Q15-Pad1)")
    (add_net "Net-(Q15-Pad2)")
    (add_net "Net-(Q16-Pad3)")
    (add_net "Net-(Q17-Pad1)")
    (add_net "Net-(Q17-Pad2)")
    (add_net "Net-(Q18-Pad3)")
    (add_net "Net-(Q19-Pad1)")
    (add_net "Net-(Q19-Pad2)")
    (add_net "Net-(Q2-Pad1)")
    (add_net "Net-(Q2-Pad3)")
    (add_net "Net-(Q20-Pad1)")
    (add_net "Net-(Q20-Pad3)")
    (add_net "Net-(Q21-Pad1)")
    (add_net "Net-(Q21-Pad2)")
    (add_net "Net-(Q22-Pad3)")
    (add_net "Net-(Q23-Pad1)")
    (add_net "Net-(Q23-Pad2)")
    (add_net "Net-(Q24-Pad3)")
    (add_net "Net-(Q25-Pad1)")
    (add_net "Net-(Q25-Pad2)")
    (add_net "Net-(Q3-Pad1)")
    (add_net "Net-(Q3-Pad2)")
    (add_net "Net-(Q4-Pad3)")
    (add_net "Net-(Q5-Pad1)")
    (add_net "Net-(Q5-Pad2)")
    (add_net "Net-(Q6-Pad3)")
    (add_net "Net-(Q7-Pad1)")
    (add_net "Net-(Q7-Pad2)")
    (add_net "Net-(Q8-Pad3)")
    (add_net "Net-(Q9-Pad1)")
    (add_net "Net-(Q9-Pad2)")
    (add_net "Net-(U2-Pad12)")
    (add_net "Net-(U2-Pad13)")
    (add_net "Net-(U2-Pad4)")
    (add_net "Net-(U2-Pad5)")
    (add_net "Net-(U3-Pad12)")
    (add_net "Net-(U3-Pad13)")
    (add_net "Net-(U3-Pad4)")
    (add_net "Net-(U3-Pad5)")
    (add_net "Net-(U4-Pad2)")
    (add_net "Net-(U4-Pad26)")
    (add_net "Net-(U4-Pad44)")
    (add_net "Net-(U4-Pad45)")
    (add_net "Net-(U4-Pad47)")
    (add_net "Net-(U4-Pad48)")
    (add_net R)
    (add_net RXD)
    (add_net SPK)
    (add_net TXD)
    (add_net Touch0)
    (add_net Touch1)
    (add_net Touch2)
    (add_net Touch3)
    (add_net Touch4)
    (add_net Touch5)
    (add_net Touch6)
    (add_net Touch7)
    (add_net Touch8)
    (add_net Touch9)
  )

  (module Connector_JST:JST_XH_B2B-XH-A_1x02_P2.50mm_Vertical (layer B.Cu) (tedit 5C28146C) (tstamp 5F4888DD)
    (at 227.37 42.545)
    (descr "JST XH series connector, B2B-XH-A (http://www.jst-mfg.com/product/pdf/eng/eXH.pdf), generated with kicad-footprint-generator")
    (tags "connector JST XH vertical")
    (path /5F931771)
    (fp_text reference LS1 (at 1.25 3.55) (layer B.SilkS)
      (effects (font (size 1 1) (thickness 0.15)) (justify mirror))
    )
    (fp_text value Speaker (at 1.25 -4.6) (layer B.Fab)
      (effects (font (size 1 1) (thickness 0.15)) (justify mirror))
    )
    (fp_line (start -2.45 2.35) (end -2.45 -3.4) (layer B.Fab) (width 0.1))
    (fp_line (start -2.45 -3.4) (end 4.95 -3.4) (layer B.Fab) (width 0.1))
    (fp_line (start 4.95 -3.4) (end 4.95 2.35) (layer B.Fab) (width 0.1))
    (fp_line (start 4.95 2.35) (end -2.45 2.35) (layer B.Fab) (width 0.1))
    (fp_line (start -2.56 2.46) (end -2.56 -3.51) (layer B.SilkS) (width 0.12))
    (fp_line (start -2.56 -3.51) (end 5.06 -3.51) (layer B.SilkS) (width 0.12))
    (fp_line (start 5.06 -3.51) (end 5.06 2.46) (layer B.SilkS) (width 0.12))
    (fp_line (start 5.06 2.46) (end -2.56 2.46) (layer B.SilkS) (width 0.12))
    (fp_line (start -2.95 2.85) (end -2.95 -3.9) (layer B.CrtYd) (width 0.05))
    (fp_line (start -2.95 -3.9) (end 5.45 -3.9) (layer B.CrtYd) (width 0.05))
    (fp_line (start 5.45 -3.9) (end 5.45 2.85) (layer B.CrtYd) (width 0.05))
    (fp_line (start 5.45 2.85) (end -2.95 2.85) (layer B.CrtYd) (width 0.05))
    (fp_line (start -0.625 2.35) (end 0 1.35) (layer B.Fab) (width 0.1))
    (fp_line (start 0 1.35) (end 0.625 2.35) (layer B.Fab) (width 0.1))
    (fp_line (start 0.75 2.45) (end 0.75 1.7) (layer B.SilkS) (width 0.12))
    (fp_line (start 0.75 1.7) (end 1.75 1.7) (layer B.SilkS) (width 0.12))
    (fp_line (start 1.75 1.7) (end 1.75 2.45) (layer B.SilkS) (width 0.12))
    (fp_line (start 1.75 2.45) (end 0.75 2.45) (layer B.SilkS) (width 0.12))
    (fp_line (start -2.55 2.45) (end -2.55 1.7) (layer B.SilkS) (width 0.12))
    (fp_line (start -2.55 1.7) (end -0.75 1.7) (layer B.SilkS) (width 0.12))
    (fp_line (start -0.75 1.7) (end -0.75 2.45) (layer B.SilkS) (width 0.12))
    (fp_line (start -0.75 2.45) (end -2.55 2.45) (layer B.SilkS) (width 0.12))
    (fp_line (start 3.25 2.45) (end 3.25 1.7) (layer B.SilkS) (width 0.12))
    (fp_line (start 3.25 1.7) (end 5.05 1.7) (layer B.SilkS) (width 0.12))
    (fp_line (start 5.05 1.7) (end 5.05 2.45) (layer B.SilkS) (width 0.12))
    (fp_line (start 5.05 2.45) (end 3.25 2.45) (layer B.SilkS) (width 0.12))
    (fp_line (start -2.55 0.2) (end -1.8 0.2) (layer B.SilkS) (width 0.12))
    (fp_line (start -1.8 0.2) (end -1.8 -2.75) (layer B.SilkS) (width 0.12))
    (fp_line (start -1.8 -2.75) (end 1.25 -2.75) (layer B.SilkS) (width 0.12))
    (fp_line (start 5.05 0.2) (end 4.3 0.2) (layer B.SilkS) (width 0.12))
    (fp_line (start 4.3 0.2) (end 4.3 -2.75) (layer B.SilkS) (width 0.12))
    (fp_line (start 4.3 -2.75) (end 1.25 -2.75) (layer B.SilkS) (width 0.12))
    (fp_line (start -1.6 2.75) (end -2.85 2.75) (layer B.SilkS) (width 0.12))
    (fp_line (start -2.85 2.75) (end -2.85 1.5) (layer B.SilkS) (width 0.12))
    (fp_text user %R (at 1.25 -2.7) (layer B.Fab)
      (effects (font (size 1 1) (thickness 0.15)) (justify mirror))
    )
    (pad 1 thru_hole roundrect (at 0 0) (size 1.7 2) (drill 1) (layers *.Cu *.Mask) (roundrect_rratio 0.147059)
      (net 3 +5V))
    (pad 2 thru_hole oval (at 2.5 0) (size 1.7 2) (drill 1) (layers *.Cu *.Mask)
      (net 14 "Net-(LS1-Pad2)"))
    (model ${KISYS3DMOD}/Connector_JST.3dshapes/JST_XH_B2B-XH-A_1x02_P2.50mm_Vertical.wrl
      (at (xyz 0 0 0))
      (scale (xyz 1 1 1))
      (rotate (xyz 0 0 0))
    )
  )

  (module LED_SMD:LED_ROHM_SMLVN6 (layer F.Cu) (tedit 5BAD5C2D) (tstamp 5F489B12)
    (at 63 61.5)
    (descr https://www.rohm.com/datasheet/SMLVN6RGB1U)
    (tags "LED ROHM SMLVN6")
    (path /5F60D2EB/5F60EC2E/5F46CD4A/5F47BA8B)
    (attr smd)
    (fp_text reference D1 (at 0 -2.445) (layer F.SilkS)
      (effects (font (size 1 1) (thickness 0.15)))
    )
    (fp_text value FM-Z3535RGBA-SH (at 0 2.65) (layer F.Fab)
      (effects (font (size 1 1) (thickness 0.15)))
    )
    (fp_text user %R (at 0 0) (layer F.Fab)
      (effects (font (size 0.7 0.7) (thickness 0.1)))
    )
    (fp_line (start -1.525 1.7) (end 1.525 1.7) (layer F.SilkS) (width 0.12))
    (fp_line (start -2.19 -1.7) (end 1.525 -1.7) (layer F.SilkS) (width 0.12))
    (fp_line (start -1.55 1.4) (end -1.55 -0.4) (layer F.Fab) (width 0.1))
    (fp_line (start 1.55 1.4) (end -1.55 1.4) (layer F.Fab) (width 0.1))
    (fp_line (start 1.55 -1.4) (end 1.55 1.4) (layer F.Fab) (width 0.1))
    (fp_line (start -0.55 -1.4) (end 1.55 -1.4) (layer F.Fab) (width 0.1))
    (fp_line (start -1.55 -0.4) (end -0.55 -1.4) (layer F.Fab) (width 0.1))
    (fp_line (start 2.55 -1.8) (end -2.55 -1.8) (layer F.CrtYd) (width 0.05))
    (fp_line (start 2.55 1.8) (end 2.55 -1.8) (layer F.CrtYd) (width 0.05))
    (fp_line (start -2.55 1.8) (end 2.55 1.8) (layer F.CrtYd) (width 0.05))
    (fp_line (start -2.55 -1.8) (end -2.55 1.8) (layer F.CrtYd) (width 0.05))
    (pad 4 smd roundrect (at 1.525 1.05) (size 1.45 0.8) (layers F.Cu F.Paste F.Mask) (roundrect_rratio 0.2)
      (net 19 /Sheet5F60D2EA/sheet5F60EC1D/K9))
    (pad 3 smd roundrect (at -1.525 1.05) (size 1.45 0.8) (layers F.Cu F.Paste F.Mask) (roundrect_rratio 0.2)
      (net 20 /Sheet5F60D2EA/sheet5F60EC1D/LED_RGB/B))
    (pad 5 smd roundrect (at 1.525 0) (size 1.45 0.6) (layers F.Cu F.Paste F.Mask) (roundrect_rratio 0.2)
      (net 19 /Sheet5F60D2EA/sheet5F60EC1D/K9))
    (pad 2 smd roundrect (at -1.525 0) (size 1.45 0.6) (layers F.Cu F.Paste F.Mask) (roundrect_rratio 0.2)
      (net 21 /Sheet5F60D2EA/sheet5F60EC1D/LED_RGB/R))
    (pad 6 smd roundrect (at 1.525 -1.05) (size 1.45 0.8) (layers F.Cu F.Paste F.Mask) (roundrect_rratio 0.2)
      (net 19 /Sheet5F60D2EA/sheet5F60EC1D/K9))
    (pad 1 smd roundrect (at -1.525 -1.05) (size 1.45 0.8) (layers F.Cu F.Paste F.Mask) (roundrect_rratio 0.2)
      (net 22 /Sheet5F60D2EA/sheet5F60EC1D/LED_RGB/G))
    (model ${KISYS3DMOD}/LED_SMD.3dshapes/LED_ROHM_SMLVN6.wrl
      (at (xyz 0 0 0))
      (scale (xyz 1 1 1))
      (rotate (xyz 0 0 0))
    )
  )

  (module LED_SMD:LED_ROHM_SMLVN6 (layer F.Cu) (tedit 5BAD5C2D) (tstamp 5F489B90)
    (at 78 61.5)
    (descr https://www.rohm.com/datasheet/SMLVN6RGB1U)
    (tags "LED ROHM SMLVN6")
    (path /5F60D2EB/5F60EC2E/5F46CD4A/5F47D188)
    (attr smd)
    (fp_text reference D2 (at 0.105 -2.445) (layer F.SilkS)
      (effects (font (size 1 1) (thickness 0.15)))
    )
    (fp_text value FM-Z3535RGBA-SH (at 0 2.65) (layer F.Fab)
      (effects (font (size 1 1) (thickness 0.15)))
    )
    (fp_line (start -2.55 -1.8) (end -2.55 1.8) (layer F.CrtYd) (width 0.05))
    (fp_line (start -2.55 1.8) (end 2.55 1.8) (layer F.CrtYd) (width 0.05))
    (fp_line (start 2.55 1.8) (end 2.55 -1.8) (layer F.CrtYd) (width 0.05))
    (fp_line (start 2.55 -1.8) (end -2.55 -1.8) (layer F.CrtYd) (width 0.05))
    (fp_line (start -1.55 -0.4) (end -0.55 -1.4) (layer F.Fab) (width 0.1))
    (fp_line (start -0.55 -1.4) (end 1.55 -1.4) (layer F.Fab) (width 0.1))
    (fp_line (start 1.55 -1.4) (end 1.55 1.4) (layer F.Fab) (width 0.1))
    (fp_line (start 1.55 1.4) (end -1.55 1.4) (layer F.Fab) (width 0.1))
    (fp_line (start -1.55 1.4) (end -1.55 -0.4) (layer F.Fab) (width 0.1))
    (fp_line (start -2.19 -1.7) (end 1.525 -1.7) (layer F.SilkS) (width 0.12))
    (fp_line (start -1.525 1.7) (end 1.525 1.7) (layer F.SilkS) (width 0.12))
    (fp_text user %R (at 0 0) (layer F.Fab)
      (effects (font (size 0.7 0.7) (thickness 0.1)))
    )
    (pad 1 smd roundrect (at -1.525 -1.05) (size 1.45 0.8) (layers F.Cu F.Paste F.Mask) (roundrect_rratio 0.2)
      (net 22 /Sheet5F60D2EA/sheet5F60EC1D/LED_RGB/G))
    (pad 6 smd roundrect (at 1.525 -1.05) (size 1.45 0.8) (layers F.Cu F.Paste F.Mask) (roundrect_rratio 0.2)
      (net 19 /Sheet5F60D2EA/sheet5F60EC1D/K9))
    (pad 2 smd roundrect (at -1.525 0) (size 1.45 0.6) (layers F.Cu F.Paste F.Mask) (roundrect_rratio 0.2)
      (net 21 /Sheet5F60D2EA/sheet5F60EC1D/LED_RGB/R))
    (pad 5 smd roundrect (at 1.525 0) (size 1.45 0.6) (layers F.Cu F.Paste F.Mask) (roundrect_rratio 0.2)
      (net 19 /Sheet5F60D2EA/sheet5F60EC1D/K9))
    (pad 3 smd roundrect (at -1.525 1.05) (size 1.45 0.8) (layers F.Cu F.Paste F.Mask) (roundrect_rratio 0.2)
      (net 20 /Sheet5F60D2EA/sheet5F60EC1D/LED_RGB/B))
    (pad 4 smd roundrect (at 1.525 1.05) (size 1.45 0.8) (layers F.Cu F.Paste F.Mask) (roundrect_rratio 0.2)
      (net 19 /Sheet5F60D2EA/sheet5F60EC1D/K9))
    (model ${KISYS3DMOD}/LED_SMD.3dshapes/LED_ROHM_SMLVN6.wrl
      (at (xyz 0 0 0))
      (scale (xyz 1 1 1))
      (rotate (xyz 0 0 0))
    )
  )

  (module LED_SMD:LED_ROHM_SMLVN6 (layer F.Cu) (tedit 5BAD5C2D) (tstamp 5F489B51)
    (at 70.5 64.5)
    (descr https://www.rohm.com/datasheet/SMLVN6RGB1U)
    (tags "LED ROHM SMLVN6")
    (path /5F60D2EB/5F60EC2E/5F4DE4A8/5F47BA8B)
    (attr smd)
    (fp_text reference D3 (at 0 -2.65) (layer F.SilkS)
      (effects (font (size 1 1) (thickness 0.15)))
    )
    (fp_text value FM-Z3535RGBA-SH (at 0 2.65) (layer F.Fab)
      (effects (font (size 1 1) (thickness 0.15)))
    )
    (fp_text user %R (at 0 0) (layer F.Fab)
      (effects (font (size 0.7 0.7) (thickness 0.1)))
    )
    (fp_line (start -1.525 1.7) (end 1.525 1.7) (layer F.SilkS) (width 0.12))
    (fp_line (start -2.19 -1.7) (end 1.525 -1.7) (layer F.SilkS) (width 0.12))
    (fp_line (start -1.55 1.4) (end -1.55 -0.4) (layer F.Fab) (width 0.1))
    (fp_line (start 1.55 1.4) (end -1.55 1.4) (layer F.Fab) (width 0.1))
    (fp_line (start 1.55 -1.4) (end 1.55 1.4) (layer F.Fab) (width 0.1))
    (fp_line (start -0.55 -1.4) (end 1.55 -1.4) (layer F.Fab) (width 0.1))
    (fp_line (start -1.55 -0.4) (end -0.55 -1.4) (layer F.Fab) (width 0.1))
    (fp_line (start 2.55 -1.8) (end -2.55 -1.8) (layer F.CrtYd) (width 0.05))
    (fp_line (start 2.55 1.8) (end 2.55 -1.8) (layer F.CrtYd) (width 0.05))
    (fp_line (start -2.55 1.8) (end 2.55 1.8) (layer F.CrtYd) (width 0.05))
    (fp_line (start -2.55 -1.8) (end -2.55 1.8) (layer F.CrtYd) (width 0.05))
    (pad 4 smd roundrect (at 1.525 1.05) (size 1.45 0.8) (layers F.Cu F.Paste F.Mask) (roundrect_rratio 0.2)
      (net 23 /Sheet5F60D2EA/sheet5F60EC1D/K8))
    (pad 3 smd roundrect (at -1.525 1.05) (size 1.45 0.8) (layers F.Cu F.Paste F.Mask) (roundrect_rratio 0.2)
      (net 20 /Sheet5F60D2EA/sheet5F60EC1D/LED_RGB/B))
    (pad 5 smd roundrect (at 1.525 0) (size 1.45 0.6) (layers F.Cu F.Paste F.Mask) (roundrect_rratio 0.2)
      (net 23 /Sheet5F60D2EA/sheet5F60EC1D/K8))
    (pad 2 smd roundrect (at -1.525 0) (size 1.45 0.6) (layers F.Cu F.Paste F.Mask) (roundrect_rratio 0.2)
      (net 21 /Sheet5F60D2EA/sheet5F60EC1D/LED_RGB/R))
    (pad 6 smd roundrect (at 1.525 -1.05) (size 1.45 0.8) (layers F.Cu F.Paste F.Mask) (roundrect_rratio 0.2)
      (net 23 /Sheet5F60D2EA/sheet5F60EC1D/K8))
    (pad 1 smd roundrect (at -1.525 -1.05) (size 1.45 0.8) (layers F.Cu F.Paste F.Mask) (roundrect_rratio 0.2)
      (net 22 /Sheet5F60D2EA/sheet5F60EC1D/LED_RGB/G))
    (model ${KISYS3DMOD}/LED_SMD.3dshapes/LED_ROHM_SMLVN6.wrl
      (at (xyz 0 0 0))
      (scale (xyz 1 1 1))
      (rotate (xyz 0 0 0))
    )
  )

  (module LED_SMD:LED_ROHM_SMLVN6 (layer F.Cu) (tedit 5BAD5C2D) (tstamp 5F489CBF)
    (at 85.5 64.5)
    (descr https://www.rohm.com/datasheet/SMLVN6RGB1U)
    (tags "LED ROHM SMLVN6")
    (path /5F60D2EB/5F60EC2E/5F4DE4A8/5F47D188)
    (attr smd)
    (fp_text reference D4 (at 0 -2.65) (layer F.SilkS)
      (effects (font (size 1 1) (thickness 0.15)))
    )
    (fp_text value FM-Z3535RGBA-SH (at 0 2.65) (layer F.Fab)
      (effects (font (size 1 1) (thickness 0.15)))
    )
    (fp_line (start -2.55 -1.8) (end -2.55 1.8) (layer F.CrtYd) (width 0.05))
    (fp_line (start -2.55 1.8) (end 2.55 1.8) (layer F.CrtYd) (width 0.05))
    (fp_line (start 2.55 1.8) (end 2.55 -1.8) (layer F.CrtYd) (width 0.05))
    (fp_line (start 2.55 -1.8) (end -2.55 -1.8) (layer F.CrtYd) (width 0.05))
    (fp_line (start -1.55 -0.4) (end -0.55 -1.4) (layer F.Fab) (width 0.1))
    (fp_line (start -0.55 -1.4) (end 1.55 -1.4) (layer F.Fab) (width 0.1))
    (fp_line (start 1.55 -1.4) (end 1.55 1.4) (layer F.Fab) (width 0.1))
    (fp_line (start 1.55 1.4) (end -1.55 1.4) (layer F.Fab) (width 0.1))
    (fp_line (start -1.55 1.4) (end -1.55 -0.4) (layer F.Fab) (width 0.1))
    (fp_line (start -2.19 -1.7) (end 1.525 -1.7) (layer F.SilkS) (width 0.12))
    (fp_line (start -1.525 1.7) (end 1.525 1.7) (layer F.SilkS) (width 0.12))
    (fp_text user %R (at 0 0) (layer F.Fab)
      (effects (font (size 0.7 0.7) (thickness 0.1)))
    )
    (pad 1 smd roundrect (at -1.525 -1.05) (size 1.45 0.8) (layers F.Cu F.Paste F.Mask) (roundrect_rratio 0.2)
      (net 22 /Sheet5F60D2EA/sheet5F60EC1D/LED_RGB/G))
    (pad 6 smd roundrect (at 1.525 -1.05) (size 1.45 0.8) (layers F.Cu F.Paste F.Mask) (roundrect_rratio 0.2)
      (net 23 /Sheet5F60D2EA/sheet5F60EC1D/K8))
    (pad 2 smd roundrect (at -1.525 0) (size 1.45 0.6) (layers F.Cu F.Paste F.Mask) (roundrect_rratio 0.2)
      (net 21 /Sheet5F60D2EA/sheet5F60EC1D/LED_RGB/R))
    (pad 5 smd roundrect (at 1.525 0) (size 1.45 0.6) (layers F.Cu F.Paste F.Mask) (roundrect_rratio 0.2)
      (net 23 /Sheet5F60D2EA/sheet5F60EC1D/K8))
    (pad 3 smd roundrect (at -1.525 1.05) (size 1.45 0.8) (layers F.Cu F.Paste F.Mask) (roundrect_rratio 0.2)
      (net 20 /Sheet5F60D2EA/sheet5F60EC1D/LED_RGB/B))
    (pad 4 smd roundrect (at 1.525 1.05) (size 1.45 0.8) (layers F.Cu F.Paste F.Mask) (roundrect_rratio 0.2)
      (net 23 /Sheet5F60D2EA/sheet5F60EC1D/K8))
    (model ${KISYS3DMOD}/LED_SMD.3dshapes/LED_ROHM_SMLVN6.wrl
      (at (xyz 0 0 0))
      (scale (xyz 1 1 1))
      (rotate (xyz 0 0 0))
    )
  )

  (module LED_SMD:LED_ROHM_SMLVN6 (layer F.Cu) (tedit 5BAD5C2D) (tstamp 5F489C80)
    (at 63 67.5)
    (descr https://www.rohm.com/datasheet/SMLVN6RGB1U)
    (tags "LED ROHM SMLVN6")
    (path /5F60D2EB/5F60EC2E/5F4F971C/5F47BA8B)
    (attr smd)
    (fp_text reference D5 (at 0 -2.65) (layer F.SilkS)
      (effects (font (size 1 1) (thickness 0.15)))
    )
    (fp_text value FM-Z3535RGBA-SH (at 0 2.65) (layer F.Fab)
      (effects (font (size 1 1) (thickness 0.15)))
    )
    (fp_text user %R (at 0 0) (layer F.Fab)
      (effects (font (size 0.7 0.7) (thickness 0.1)))
    )
    (fp_line (start -1.525 1.7) (end 1.525 1.7) (layer F.SilkS) (width 0.12))
    (fp_line (start -2.19 -1.7) (end 1.525 -1.7) (layer F.SilkS) (width 0.12))
    (fp_line (start -1.55 1.4) (end -1.55 -0.4) (layer F.Fab) (width 0.1))
    (fp_line (start 1.55 1.4) (end -1.55 1.4) (layer F.Fab) (width 0.1))
    (fp_line (start 1.55 -1.4) (end 1.55 1.4) (layer F.Fab) (width 0.1))
    (fp_line (start -0.55 -1.4) (end 1.55 -1.4) (layer F.Fab) (width 0.1))
    (fp_line (start -1.55 -0.4) (end -0.55 -1.4) (layer F.Fab) (width 0.1))
    (fp_line (start 2.55 -1.8) (end -2.55 -1.8) (layer F.CrtYd) (width 0.05))
    (fp_line (start 2.55 1.8) (end 2.55 -1.8) (layer F.CrtYd) (width 0.05))
    (fp_line (start -2.55 1.8) (end 2.55 1.8) (layer F.CrtYd) (width 0.05))
    (fp_line (start -2.55 -1.8) (end -2.55 1.8) (layer F.CrtYd) (width 0.05))
    (pad 4 smd roundrect (at 1.525 1.05) (size 1.45 0.8) (layers F.Cu F.Paste F.Mask) (roundrect_rratio 0.2)
      (net 24 /Sheet5F60D2EA/sheet5F60EC1D/K7))
    (pad 3 smd roundrect (at -1.525 1.05) (size 1.45 0.8) (layers F.Cu F.Paste F.Mask) (roundrect_rratio 0.2)
      (net 20 /Sheet5F60D2EA/sheet5F60EC1D/LED_RGB/B))
    (pad 5 smd roundrect (at 1.525 0) (size 1.45 0.6) (layers F.Cu F.Paste F.Mask) (roundrect_rratio 0.2)
      (net 24 /Sheet5F60D2EA/sheet5F60EC1D/K7))
    (pad 2 smd roundrect (at -1.525 0) (size 1.45 0.6) (layers F.Cu F.Paste F.Mask) (roundrect_rratio 0.2)
      (net 21 /Sheet5F60D2EA/sheet5F60EC1D/LED_RGB/R))
    (pad 6 smd roundrect (at 1.525 -1.05) (size 1.45 0.8) (layers F.Cu F.Paste F.Mask) (roundrect_rratio 0.2)
      (net 24 /Sheet5F60D2EA/sheet5F60EC1D/K7))
    (pad 1 smd roundrect (at -1.525 -1.05) (size 1.45 0.8) (layers F.Cu F.Paste F.Mask) (roundrect_rratio 0.2)
      (net 22 /Sheet5F60D2EA/sheet5F60EC1D/LED_RGB/G))
    (model ${KISYS3DMOD}/LED_SMD.3dshapes/LED_ROHM_SMLVN6.wrl
      (at (xyz 0 0 0))
      (scale (xyz 1 1 1))
      (rotate (xyz 0 0 0))
    )
  )

  (module LED_SMD:LED_ROHM_SMLVN6 (layer F.Cu) (tedit 5BAD5C2D) (tstamp 5F489AD3)
    (at 78 67.5)
    (descr https://www.rohm.com/datasheet/SMLVN6RGB1U)
    (tags "LED ROHM SMLVN6")
    (path /5F60D2EB/5F60EC2E/5F4F971C/5F47D188)
    (attr smd)
    (fp_text reference D6 (at 0 -2.65) (layer F.SilkS)
      (effects (font (size 1 1) (thickness 0.15)))
    )
    (fp_text value FM-Z3535RGBA-SH (at 0 2.65) (layer F.Fab)
      (effects (font (size 1 1) (thickness 0.15)))
    )
    (fp_line (start -2.55 -1.8) (end -2.55 1.8) (layer F.CrtYd) (width 0.05))
    (fp_line (start -2.55 1.8) (end 2.55 1.8) (layer F.CrtYd) (width 0.05))
    (fp_line (start 2.55 1.8) (end 2.55 -1.8) (layer F.CrtYd) (width 0.05))
    (fp_line (start 2.55 -1.8) (end -2.55 -1.8) (layer F.CrtYd) (width 0.05))
    (fp_line (start -1.55 -0.4) (end -0.55 -1.4) (layer F.Fab) (width 0.1))
    (fp_line (start -0.55 -1.4) (end 1.55 -1.4) (layer F.Fab) (width 0.1))
    (fp_line (start 1.55 -1.4) (end 1.55 1.4) (layer F.Fab) (width 0.1))
    (fp_line (start 1.55 1.4) (end -1.55 1.4) (layer F.Fab) (width 0.1))
    (fp_line (start -1.55 1.4) (end -1.55 -0.4) (layer F.Fab) (width 0.1))
    (fp_line (start -2.19 -1.7) (end 1.525 -1.7) (layer F.SilkS) (width 0.12))
    (fp_line (start -1.525 1.7) (end 1.525 1.7) (layer F.SilkS) (width 0.12))
    (fp_text user %R (at 0 0) (layer F.Fab)
      (effects (font (size 0.7 0.7) (thickness 0.1)))
    )
    (pad 1 smd roundrect (at -1.525 -1.05) (size 1.45 0.8) (layers F.Cu F.Paste F.Mask) (roundrect_rratio 0.2)
      (net 22 /Sheet5F60D2EA/sheet5F60EC1D/LED_RGB/G))
    (pad 6 smd roundrect (at 1.525 -1.05) (size 1.45 0.8) (layers F.Cu F.Paste F.Mask) (roundrect_rratio 0.2)
      (net 24 /Sheet5F60D2EA/sheet5F60EC1D/K7))
    (pad 2 smd roundrect (at -1.525 0) (size 1.45 0.6) (layers F.Cu F.Paste F.Mask) (roundrect_rratio 0.2)
      (net 21 /Sheet5F60D2EA/sheet5F60EC1D/LED_RGB/R))
    (pad 5 smd roundrect (at 1.525 0) (size 1.45 0.6) (layers F.Cu F.Paste F.Mask) (roundrect_rratio 0.2)
      (net 24 /Sheet5F60D2EA/sheet5F60EC1D/K7))
    (pad 3 smd roundrect (at -1.525 1.05) (size 1.45 0.8) (layers F.Cu F.Paste F.Mask) (roundrect_rratio 0.2)
      (net 20 /Sheet5F60D2EA/sheet5F60EC1D/LED_RGB/B))
    (pad 4 smd roundrect (at 1.525 1.05) (size 1.45 0.8) (layers F.Cu F.Paste F.Mask) (roundrect_rratio 0.2)
      (net 24 /Sheet5F60D2EA/sheet5F60EC1D/K7))
    (model ${KISYS3DMOD}/LED_SMD.3dshapes/LED_ROHM_SMLVN6.wrl
      (at (xyz 0 0 0))
      (scale (xyz 1 1 1))
      (rotate (xyz 0 0 0))
    )
  )

  (module LED_SMD:LED_ROHM_SMLVN6 (layer F.Cu) (tedit 5BAD5C2D) (tstamp 5F489A94)
    (at 70.5 70.5)
    (descr https://www.rohm.com/datasheet/SMLVN6RGB1U)
    (tags "LED ROHM SMLVN6")
    (path /5F60D2EB/5F60EC2E/5F50AAC1/5F47BA8B)
    (attr smd)
    (fp_text reference D7 (at 0 -2.65) (layer F.SilkS)
      (effects (font (size 1 1) (thickness 0.15)))
    )
    (fp_text value FM-Z3535RGBA-SH (at 0 2.65) (layer F.Fab)
      (effects (font (size 1 1) (thickness 0.15)))
    )
    (fp_text user %R (at 0 0) (layer F.Fab)
      (effects (font (size 0.7 0.7) (thickness 0.1)))
    )
    (fp_line (start -1.525 1.7) (end 1.525 1.7) (layer F.SilkS) (width 0.12))
    (fp_line (start -2.19 -1.7) (end 1.525 -1.7) (layer F.SilkS) (width 0.12))
    (fp_line (start -1.55 1.4) (end -1.55 -0.4) (layer F.Fab) (width 0.1))
    (fp_line (start 1.55 1.4) (end -1.55 1.4) (layer F.Fab) (width 0.1))
    (fp_line (start 1.55 -1.4) (end 1.55 1.4) (layer F.Fab) (width 0.1))
    (fp_line (start -0.55 -1.4) (end 1.55 -1.4) (layer F.Fab) (width 0.1))
    (fp_line (start -1.55 -0.4) (end -0.55 -1.4) (layer F.Fab) (width 0.1))
    (fp_line (start 2.55 -1.8) (end -2.55 -1.8) (layer F.CrtYd) (width 0.05))
    (fp_line (start 2.55 1.8) (end 2.55 -1.8) (layer F.CrtYd) (width 0.05))
    (fp_line (start -2.55 1.8) (end 2.55 1.8) (layer F.CrtYd) (width 0.05))
    (fp_line (start -2.55 -1.8) (end -2.55 1.8) (layer F.CrtYd) (width 0.05))
    (pad 4 smd roundrect (at 1.525 1.05) (size 1.45 0.8) (layers F.Cu F.Paste F.Mask) (roundrect_rratio 0.2)
      (net 25 /Sheet5F60D2EA/sheet5F60EC1D/K6))
    (pad 3 smd roundrect (at -1.525 1.05) (size 1.45 0.8) (layers F.Cu F.Paste F.Mask) (roundrect_rratio 0.2)
      (net 20 /Sheet5F60D2EA/sheet5F60EC1D/LED_RGB/B))
    (pad 5 smd roundrect (at 1.525 0) (size 1.45 0.6) (layers F.Cu F.Paste F.Mask) (roundrect_rratio 0.2)
      (net 25 /Sheet5F60D2EA/sheet5F60EC1D/K6))
    (pad 2 smd roundrect (at -1.525 0) (size 1.45 0.6) (layers F.Cu F.Paste F.Mask) (roundrect_rratio 0.2)
      (net 21 /Sheet5F60D2EA/sheet5F60EC1D/LED_RGB/R))
    (pad 6 smd roundrect (at 1.525 -1.05) (size 1.45 0.8) (layers F.Cu F.Paste F.Mask) (roundrect_rratio 0.2)
      (net 25 /Sheet5F60D2EA/sheet5F60EC1D/K6))
    (pad 1 smd roundrect (at -1.525 -1.05) (size 1.45 0.8) (layers F.Cu F.Paste F.Mask) (roundrect_rratio 0.2)
      (net 22 /Sheet5F60D2EA/sheet5F60EC1D/LED_RGB/G))
    (model ${KISYS3DMOD}/LED_SMD.3dshapes/LED_ROHM_SMLVN6.wrl
      (at (xyz 0 0 0))
      (scale (xyz 1 1 1))
      (rotate (xyz 0 0 0))
    )
  )

  (module LED_SMD:LED_ROHM_SMLVN6 (layer F.Cu) (tedit 5BAD5C2D) (tstamp 5F489CFE)
    (at 85.5 70.5)
    (descr https://www.rohm.com/datasheet/SMLVN6RGB1U)
    (tags "LED ROHM SMLVN6")
    (path /5F60D2EB/5F60EC2E/5F50AAC1/5F47D188)
    (attr smd)
    (fp_text reference D8 (at 0 -2.65) (layer F.SilkS)
      (effects (font (size 1 1) (thickness 0.15)))
    )
    (fp_text value FM-Z3535RGBA-SH (at 0 2.65) (layer F.Fab)
      (effects (font (size 1 1) (thickness 0.15)))
    )
    (fp_line (start -2.55 -1.8) (end -2.55 1.8) (layer F.CrtYd) (width 0.05))
    (fp_line (start -2.55 1.8) (end 2.55 1.8) (layer F.CrtYd) (width 0.05))
    (fp_line (start 2.55 1.8) (end 2.55 -1.8) (layer F.CrtYd) (width 0.05))
    (fp_line (start 2.55 -1.8) (end -2.55 -1.8) (layer F.CrtYd) (width 0.05))
    (fp_line (start -1.55 -0.4) (end -0.55 -1.4) (layer F.Fab) (width 0.1))
    (fp_line (start -0.55 -1.4) (end 1.55 -1.4) (layer F.Fab) (width 0.1))
    (fp_line (start 1.55 -1.4) (end 1.55 1.4) (layer F.Fab) (width 0.1))
    (fp_line (start 1.55 1.4) (end -1.55 1.4) (layer F.Fab) (width 0.1))
    (fp_line (start -1.55 1.4) (end -1.55 -0.4) (layer F.Fab) (width 0.1))
    (fp_line (start -2.19 -1.7) (end 1.525 -1.7) (layer F.SilkS) (width 0.12))
    (fp_line (start -1.525 1.7) (end 1.525 1.7) (layer F.SilkS) (width 0.12))
    (fp_text user %R (at 0 0) (layer F.Fab)
      (effects (font (size 0.7 0.7) (thickness 0.1)))
    )
    (pad 1 smd roundrect (at -1.525 -1.05) (size 1.45 0.8) (layers F.Cu F.Paste F.Mask) (roundrect_rratio 0.2)
      (net 22 /Sheet5F60D2EA/sheet5F60EC1D/LED_RGB/G))
    (pad 6 smd roundrect (at 1.525 -1.05) (size 1.45 0.8) (layers F.Cu F.Paste F.Mask) (roundrect_rratio 0.2)
      (net 25 /Sheet5F60D2EA/sheet5F60EC1D/K6))
    (pad 2 smd roundrect (at -1.525 0) (size 1.45 0.6) (layers F.Cu F.Paste F.Mask) (roundrect_rratio 0.2)
      (net 21 /Sheet5F60D2EA/sheet5F60EC1D/LED_RGB/R))
    (pad 5 smd roundrect (at 1.525 0) (size 1.45 0.6) (layers F.Cu F.Paste F.Mask) (roundrect_rratio 0.2)
      (net 25 /Sheet5F60D2EA/sheet5F60EC1D/K6))
    (pad 3 smd roundrect (at -1.525 1.05) (size 1.45 0.8) (layers F.Cu F.Paste F.Mask) (roundrect_rratio 0.2)
      (net 20 /Sheet5F60D2EA/sheet5F60EC1D/LED_RGB/B))
    (pad 4 smd roundrect (at 1.525 1.05) (size 1.45 0.8) (layers F.Cu F.Paste F.Mask) (roundrect_rratio 0.2)
      (net 25 /Sheet5F60D2EA/sheet5F60EC1D/K6))
    (model ${KISYS3DMOD}/LED_SMD.3dshapes/LED_ROHM_SMLVN6.wrl
      (at (xyz 0 0 0))
      (scale (xyz 1 1 1))
      (rotate (xyz 0 0 0))
    )
  )

  (module LED_SMD:LED_ROHM_SMLVN6 (layer F.Cu) (tedit 5BAD5C2D) (tstamp 5F489BCF)
    (at 63 73.5)
    (descr https://www.rohm.com/datasheet/SMLVN6RGB1U)
    (tags "LED ROHM SMLVN6")
    (path /5F60D2EB/5F60EC2E/5F51775A/5F47BA8B)
    (attr smd)
    (fp_text reference D9 (at 0 -2.65) (layer F.SilkS)
      (effects (font (size 1 1) (thickness 0.15)))
    )
    (fp_text value FM-Z3535RGBA-SH (at 0 2.65) (layer F.Fab)
      (effects (font (size 1 1) (thickness 0.15)))
    )
    (fp_text user %R (at 0 0) (layer F.Fab)
      (effects (font (size 0.7 0.7) (thickness 0.1)))
    )
    (fp_line (start -1.525 1.7) (end 1.525 1.7) (layer F.SilkS) (width 0.12))
    (fp_line (start -2.19 -1.7) (end 1.525 -1.7) (layer F.SilkS) (width 0.12))
    (fp_line (start -1.55 1.4) (end -1.55 -0.4) (layer F.Fab) (width 0.1))
    (fp_line (start 1.55 1.4) (end -1.55 1.4) (layer F.Fab) (width 0.1))
    (fp_line (start 1.55 -1.4) (end 1.55 1.4) (layer F.Fab) (width 0.1))
    (fp_line (start -0.55 -1.4) (end 1.55 -1.4) (layer F.Fab) (width 0.1))
    (fp_line (start -1.55 -0.4) (end -0.55 -1.4) (layer F.Fab) (width 0.1))
    (fp_line (start 2.55 -1.8) (end -2.55 -1.8) (layer F.CrtYd) (width 0.05))
    (fp_line (start 2.55 1.8) (end 2.55 -1.8) (layer F.CrtYd) (width 0.05))
    (fp_line (start -2.55 1.8) (end 2.55 1.8) (layer F.CrtYd) (width 0.05))
    (fp_line (start -2.55 -1.8) (end -2.55 1.8) (layer F.CrtYd) (width 0.05))
    (pad 4 smd roundrect (at 1.525 1.05) (size 1.45 0.8) (layers F.Cu F.Paste F.Mask) (roundrect_rratio 0.2)
      (net 26 /Sheet5F60D2EA/sheet5F60EC1D/K5))
    (pad 3 smd roundrect (at -1.525 1.05) (size 1.45 0.8) (layers F.Cu F.Paste F.Mask) (roundrect_rratio 0.2)
      (net 20 /Sheet5F60D2EA/sheet5F60EC1D/LED_RGB/B))
    (pad 5 smd roundrect (at 1.525 0) (size 1.45 0.6) (layers F.Cu F.Paste F.Mask) (roundrect_rratio 0.2)
      (net 26 /Sheet5F60D2EA/sheet5F60EC1D/K5))
    (pad 2 smd roundrect (at -1.525 0) (size 1.45 0.6) (layers F.Cu F.Paste F.Mask) (roundrect_rratio 0.2)
      (net 21 /Sheet5F60D2EA/sheet5F60EC1D/LED_RGB/R))
    (pad 6 smd roundrect (at 1.525 -1.05) (size 1.45 0.8) (layers F.Cu F.Paste F.Mask) (roundrect_rratio 0.2)
      (net 26 /Sheet5F60D2EA/sheet5F60EC1D/K5))
    (pad 1 smd roundrect (at -1.525 -1.05) (size 1.45 0.8) (layers F.Cu F.Paste F.Mask) (roundrect_rratio 0.2)
      (net 22 /Sheet5F60D2EA/sheet5F60EC1D/LED_RGB/G))
    (model ${KISYS3DMOD}/LED_SMD.3dshapes/LED_ROHM_SMLVN6.wrl
      (at (xyz 0 0 0))
      (scale (xyz 1 1 1))
      (rotate (xyz 0 0 0))
    )
  )

  (module LED_SMD:LED_ROHM_SMLVN6 (layer F.Cu) (tedit 5BAD5C2D) (tstamp 5F48980F)
    (at 78 73.5)
    (descr https://www.rohm.com/datasheet/SMLVN6RGB1U)
    (tags "LED ROHM SMLVN6")
    (path /5F60D2EB/5F60EC2E/5F51775A/5F47D188)
    (attr smd)
    (fp_text reference D10 (at 0 -2.65) (layer F.SilkS)
      (effects (font (size 1 1) (thickness 0.15)))
    )
    (fp_text value FM-Z3535RGBA-SH (at 0 2.65) (layer F.Fab)
      (effects (font (size 1 1) (thickness 0.15)))
    )
    (fp_text user %R (at 0 0) (layer F.Fab)
      (effects (font (size 0.7 0.7) (thickness 0.1)))
    )
    (fp_line (start -1.525 1.7) (end 1.525 1.7) (layer F.SilkS) (width 0.12))
    (fp_line (start -2.19 -1.7) (end 1.525 -1.7) (layer F.SilkS) (width 0.12))
    (fp_line (start -1.55 1.4) (end -1.55 -0.4) (layer F.Fab) (width 0.1))
    (fp_line (start 1.55 1.4) (end -1.55 1.4) (layer F.Fab) (width 0.1))
    (fp_line (start 1.55 -1.4) (end 1.55 1.4) (layer F.Fab) (width 0.1))
    (fp_line (start -0.55 -1.4) (end 1.55 -1.4) (layer F.Fab) (width 0.1))
    (fp_line (start -1.55 -0.4) (end -0.55 -1.4) (layer F.Fab) (width 0.1))
    (fp_line (start 2.55 -1.8) (end -2.55 -1.8) (layer F.CrtYd) (width 0.05))
    (fp_line (start 2.55 1.8) (end 2.55 -1.8) (layer F.CrtYd) (width 0.05))
    (fp_line (start -2.55 1.8) (end 2.55 1.8) (layer F.CrtYd) (width 0.05))
    (fp_line (start -2.55 -1.8) (end -2.55 1.8) (layer F.CrtYd) (width 0.05))
    (pad 4 smd roundrect (at 1.525 1.05) (size 1.45 0.8) (layers F.Cu F.Paste F.Mask) (roundrect_rratio 0.2)
      (net 26 /Sheet5F60D2EA/sheet5F60EC1D/K5))
    (pad 3 smd roundrect (at -1.525 1.05) (size 1.45 0.8) (layers F.Cu F.Paste F.Mask) (roundrect_rratio 0.2)
      (net 20 /Sheet5F60D2EA/sheet5F60EC1D/LED_RGB/B))
    (pad 5 smd roundrect (at 1.525 0) (size 1.45 0.6) (layers F.Cu F.Paste F.Mask) (roundrect_rratio 0.2)
      (net 26 /Sheet5F60D2EA/sheet5F60EC1D/K5))
    (pad 2 smd roundrect (at -1.525 0) (size 1.45 0.6) (layers F.Cu F.Paste F.Mask) (roundrect_rratio 0.2)
      (net 21 /Sheet5F60D2EA/sheet5F60EC1D/LED_RGB/R))
    (pad 6 smd roundrect (at 1.525 -1.05) (size 1.45 0.8) (layers F.Cu F.Paste F.Mask) (roundrect_rratio 0.2)
      (net 26 /Sheet5F60D2EA/sheet5F60EC1D/K5))
    (pad 1 smd roundrect (at -1.525 -1.05) (size 1.45 0.8) (layers F.Cu F.Paste F.Mask) (roundrect_rratio 0.2)
      (net 22 /Sheet5F60D2EA/sheet5F60EC1D/LED_RGB/G))
    (model ${KISYS3DMOD}/LED_SMD.3dshapes/LED_ROHM_SMLVN6.wrl
      (at (xyz 0 0 0))
      (scale (xyz 1 1 1))
      (rotate (xyz 0 0 0))
    )
  )

  (module LED_SMD:LED_ROHM_SMLVN6 (layer F.Cu) (tedit 5BAD5C2D) (tstamp 5F489971)
    (at 70.5 76.5)
    (descr https://www.rohm.com/datasheet/SMLVN6RGB1U)
    (tags "LED ROHM SMLVN6")
    (path /5F60D2EB/5F60EC2E/5F51E9D5/5F47BA8B)
    (attr smd)
    (fp_text reference D11 (at 0 -2.65) (layer F.SilkS)
      (effects (font (size 1 1) (thickness 0.15)))
    )
    (fp_text value FM-Z3535RGBA-SH (at 0 2.65) (layer F.Fab)
      (effects (font (size 1 1) (thickness 0.15)))
    )
    (fp_text user %R (at 0 0) (layer F.Fab)
      (effects (font (size 0.7 0.7) (thickness 0.1)))
    )
    (fp_line (start -1.525 1.7) (end 1.525 1.7) (layer F.SilkS) (width 0.12))
    (fp_line (start -2.19 -1.7) (end 1.525 -1.7) (layer F.SilkS) (width 0.12))
